20 20
500 500
23 18 18 18 18 18 18 18 18 18 18 18 18 18 18 18 18 18 18 24
19 1 2 3 4 5 6 7 8 9 10 11 12 13 14 15 16 17 18 20
19 19 20 21 22 1 1 1 1 1 1 1 1 1 1 1 1 1 1 20
19 1 1 1 1 1 1 1 1 1 1 1 1 1 1 1 1 1 1 20
19 1 1 1 1 1 1 1 1 1 1 1 1 1 1 1 1 1 1 20
19 1 1 1 1 1 1 1 1 1 1 1 1 1 1 1 1 1 1 20
19 1 1 1 1 1 1 1 1 1 1 1 1 1 1 1 1 1 1 20
19 1 1 1 1 1 1 1 1 1 1 1 1 1 1 1 1 1 1 20
19 1 1 1 1 1 1 1 1 1 1 1 1 1 1 1 1 1 1 20
19 1 1 1 1 1 1 1 1 1 1 1 1 1 1 1 1 1 1 20
19 1 1 1 1 1 1 1 1 1 1 1 1 1 1 1 1 1 1 20
19 1 1 1 1 1 1 1 1 1 1 1 1 1 1 1 1 1 1 20
19 1 1 1 1 1 1 1 1 1 1 1 1 1 1 1 1 1 1 20
19 1 1 1 1 1 1 1 1 1 1 1 1 1 1 1 1 1 1 20
19 1 1 1 1 1 1 1 1 1 1 1 1 1 1 1 1 1 1 20
19 1 1 1 1 1 1 1 1 1 1 1 1 1 1 1 1 1 1 20
19 1 1 1 1 1 1 1 1 1 1 1 1 1 1 1 1 1 1 20
19 1 1 1 1 1 1 1 1 1 1 1 1 1 1 1 1 1 1 20
19 1 1 1 1 1 1 1 1 1 1 1 1 1 1 1 1 1 1 20
25 18 18 18 18 18 18 18 18 18 18 18 18 18 18 18 18 18 18 26
WoodshopSaw 250 200 0 0 0
WoodshopSaw 1000 1000 0 0 0
AreaSwitch 639 64 2 0 0
Teacher 400 400 0 0 0
WoodenTable 600 600 0 0 0
MooresHair 250 300 0 0 0
MoucksBall 250 340 0 0 0
Key 300 500 2 0 0